7695982.160357117
7174313.566654679
2877535299.7925982
7197265.9394115275
7542304.664044619
8975006.186609477
9894615.650505792
8272332.270868336
7089252.692239777
7459815.484688369
7964965.491196482
8032880.681590557
7761799.126972934
6312596.172369329
6967204.1138708135
7102745.384507079
6187507.757934202
9340066.297272054
9214763.34195516
9912845.840296943
8561632.213642213
9300321.508529786
7238159.828477952
7982603.531728598
7812768.831953162
7143812.078258643
6083035.255520664
6982364.476508359
6639890.513834367
7030034.586879289
7929955.487166548
8462674.261795204
7472418.50538465
7816665.419683376
6991178.563722916
7491730.803093935
7433958.733875869
6769872.4337628465
7780840.828737426
8096854.586909397
5984415.150829226
6690965.278890515
7559843.910880494
8199454.688005419
8872977.886416152
7744150.786181398
8213701.403492597
8486041.608181989
7843135.755614984
9666429.743922986
8594893.395949699
6241856.665589439
7917574.174353032
8766249.651755106
6878918.39801673
7767062.682915554
6915664.73271337
5313695.229572093
8437854.032387102
8528721.739011753
6780511.589667964
7657388.774927872
8481988.34634592
7809201.737387091
7122442.117183378
82404166.89571144
6855637.366028806
7281087.862164431
6944980.6200999115
8433941.416634612
7356593.87587566
8460681.852161452
7244158.130821223
9333954.701687409
9512966.859049406
8764963.346525004
7735528.360956912
6694445.061088638
6816289.768915776
8153282.325887445
7321893.578130255
9719177.354489917
8376164.827178657
8065650.113169993
8479867.63124513
7349186.891702103
7954864.932864788
7719411.130264159
8475931.148076646
8056886.296460872
8943141.49322808
8405005.45678571
7726391.583254379
9081592.275114797
8491187.62106655
7775149.91713395
11953967.689117363
10758114.14190764
7675498.238410415
6467620.4137746105
5954699.683468733
6546188.522798218
8330478.702006899
6090806.460886641
8194764.157378492
7845577.751998553
7748275.962003847
7807549.8549725395
8153948.8233119305
7824240.352927431
9215363.372056011
8084315.33105231
8069722.565598424
7998028.4971518
7758191.933238412
8027706.150634369
8783538.868389765
8229273.9461465385
5363773.797195912
9806525.948482428
8053481.531716521
9312119.30692066
9465869.648129566
10253924.502805145
7771901.175218867
7709790.455775678
7713189.437676884
6994111.874405432
8563820.600178666
7060740.360927458
6266547.34981403
7207004.522909882
8725038.053249525
8165144.608364046
7738285.711615459
6840425.717695378
5716333.571640843
7988710.297574882
9005235.404272152
7559987.217684038
7544342.480667893
6311142.583810714
7074737.39003259
7605163.619026122
7437379.881756256
8778632.923312949
9574924.734446397
9519644.220741099
7822315.661739935
6773228.945802502
8970681.783645103
7563831.413434122
7727041.586379133
8426495.314110108
9354505.584412795
7326943.678239505
7939221.6691979645
8357208.269657358
8582037.687424159
6527337.079988862
7091625.155524109
7551771.882094205
8726559.218687687
7330392.698015701
6538866.837971245
6813714.290403685
8108020.070461751
8372237.460460216
8953515.605984462
9343933.227219133
8031615.917874759
9198993.89361484
8021684.3725453485
8208960.375777708
7632758.533311988
7970296.622073915
6617354.570078795
9444144.37654841
6865168.981304441
9066610.898522208
8113806.528629098
8584680.027232926
8349146.3878561035
7935977.009094801
6956247.888001448
7567087.62023539
7453145.137736167
7864785.352986014
6561506.38934805
8194628.614261937
8063322.748236929
6371848.707346567
8245797.267206224
8555775.717740376
7669395.830737721
8827396.287001045
5266415.105282457
7116533.371333847
8576032.762035387
8188224.110667132
