18353.946796000004
19063.051660598878
20127.397070866908
18053.876850935016
19097.4209945727
20912.426574921803
24340.665922828048
31881.778754057294
20105.13064568815
28139.890541590867
15614.264209596386
25161.790241090177
14263.280293288371
21320.84569132035
24107.96516774289
23830.42181651588
19051.807735932452
31331.102508831973
14206.690795278568
27252.13583485603
26249.50400534525
22326.404017330307
24337.984197668167
13023.625505296506
34244.142141851524
18733.01009179926
27157.433299490847
29508.62591132305
26318.540703072136
22583.881440063607
19912.260434610183
30292.432140227527
20080.949037456023
21660.537983923983
25033.362583205402
25875.23650461743
22625.37774918154
19811.330909105738
15092.525052315135
23579.423295933546
23314.985104345058
23698.707672618097
22973.61924973961
29064.443066282805
23687.82977694922
21938.867695866567
21453.776066154547
24086.122637606597
29936.21336348222
29092.244463810566
18602.815182847164
20331.262969391897
20150.49651811471
25652.168882580845
18799.533763711628
25534.41863448936
19533.34073510416
17033.20874054612
17169.72145027748
12233.014808642596
16064.907353105216
19324.66467619014
17742.93539922709
26998.167982858206
22215.454019854402
23007.8600688026
20751.000797176588
14720.828102017087
12057.917803007529
17242.51720229002
32538.457134809636
11004.607289210311
36287.0907623261
29569.595734315524
21280.297227323652
21925.88636937078
21265.509158813016
27579.203008777244
30253.180749566407
22867.99891055427
16724.75906219368
20908.30730408665
25848.671614142408
29616.95894045942
28137.299326110115
18051.002380715905
21251.792727912794
35666.549058466626
28391.905139134713
23236.337371759924
13635.842470853204
34717.35901336542
12973.676221157522
21018.73296008207
26202.348549277052
26168.255076143883
19937.623121680266
37048.827308951055
18508.915239809907
23130.693046787565
