9333700.964959018
7841711.618152111
6496117.239371423
7998617.778762398
8179016.901623334
10039378.306036755
9123475.452218033
10163887.189334013
7677984.052460956
7772523.126975373
10112790.293316944
6073014.732999455
8554135.579507152
9354873.421325518
7793607.271993587
10917141.35270552
8245088.8285842575
7756512.8080124045
8634019.977217838
8480708.670090308
8815432.112616815
7312323.456811956
7020098.124602719
7740883.193430375
7657403.475419698
8860947.107706385
9107341.265247788
8345811.448425734
6899940.075414966
6649827.399167415
7381352.685611285
6899693.336608602
7570061.446691129
8343620.886197673
7045046.340126498
8261911.030579057
7627335.059636508
7923601.8296037465
8247067.667515037
9044638.421300447
7966881.425524374
7811712.6284414185
8243340.222397194
6782121.288096645
8840503.937365465
8996446.122553233
7683860.471899889
9710600.310828453
7446918.570511609
7587685.299168739
7252506.94592551
8527515.386313178
7932836.817592885
6091363.779099221
7359514.234728381
7746071.80069149
7622876.443221458
7984327.838035997
7841818.81560942
7565006.376916285
8372217.073772096
8622890.383823033
9451012.366838349
8086619.547716912
7046456.033668275
9535273.452479964
8687102.716397503
7699837.559210199
8000396.562114811
6321930.483160244
7381191.276832978
8091543.3321810495
6677360.954698538
8224330.315255673
8763791.345288152
9066812.884476084
9291404.252571858
7401618.641189903
6928568.4479412455
8018151.527847939
8704768.792007396
6441251.612384777
7072857.180945222
8922522.0808811
6510779.011422724
6403017.087098105
9141439.658421986
7618697.850999586
9048312.104135063
6825292.494928478
6106740.210184258
7436354.69053092
7801516.518953644
7356178.300306908
8521148.521934846
8876873.79868008
7930221.2998563815
7361642.8522783145
8211546.429093337
7941268.290021642
