7103176.584161228
8167310.00443841
6305597.21845755
5611772.232033575
3964642.190398367
3720239.6890773755
3119232.3549781237
3284487.050433644
2492621.3757258966
2398184.9007036895
2067105.034247643
1822029.3996259496
1775037.5072335945
1531707.914571995
1263387.0354873105
1276123.8961893206
1250905.794082597
1335811.7165820492
1229658.266011897
991467.7626844668
973696.5103437193
1053254.4851465018
1203016.508813794
744408.9620646242
787506.5493985689
1316960.1220341614
695067.8296220513
1112548.4391986139
961201.964574215
937589.7513669232
1059633.7652252107
511611.0220748028
917957.6640892841
1086470.0146308101
972357.0540186833
1156834.9961933393
816207.6391223464
998399.2438631521
1324221.795468143
793639.6019789813
1088401.8595188754
966821.6440713041
708514.1955117391
970978.7429846057
801926.015400855
832178.2543176949
1045916.7305624065
881953.0750030838
794931.2401463751
843774.0294740973
1082088.183119707
836431.5884247927
695135.098058683
1152167.1309806565
1081881.1756304244
1065138.0342387843
841071.4724804466
1096435.0345471546
1018161.7552388848
884537.7492673806
1065416.8395580507
784233.2588124378
893327.3030866251
892565.0768260794
940723.0645369859
963480.550424112
997753.3421153357
966701.6234941528
997852.8568894893
1118192.1072470725
919675.134307517
1166649.5151627066
1125553.502618101
1039724.6445788168
814418.7010389135
1244456.444192297
769104.0309936274
929363.717574172
914618.4800805197
941608.2438616204
1039951.258601765
989906.107169442
1068309.5674625807
1227026.2505163038
851734.0693617181
885099.5201497308
1008437.1091594303
795103.0187190619
1046132.0324544882
954186.1060265856
787441.0252942641
916792.8921330736
796693.2335923692
834872.9928735399
977526.4105303929
782849.7309489554
935268.5898059782
895769.3121716006
1029715.6712112457
1123590.4351828466
781146.77605756
913793.1057514854
713656.2971709231
1025032.4230417684
879473.4862378436
1038496.2568807192
1064443.2171772218
916557.9327334845
1147232.8369992233
967894.3421057448
1157707.278829583
873468.411284324
1155800.7508030327
943704.2238908783
1379987.3097213835
1092217.193091382
1027804.3551625123
1165849.716301077
1128114.5725129314
838659.5078935332
1030776.9706197868
781918.8053116412
1000399.3562752326
839523.1428104705
935914.2884755001
793682.1287551146
893181.966904226
882656.6405752582
995794.1332737347
864334.3117797094
1034801.4094816952
1352826.466696429
890053.0660696941
1160653.555623219
957131.9712952905
1192747.8501348621
990318.2121130025
1079861.5747456483
892958.9339033221
927457.4959745472
1155080.528392884
753707.8656613446
724079.7448836475
839607.717157191
855925.6907728973
897719.2348151086
1056618.7919312022
1046883.3220939224
988162.0615556339
965111.2867274147
943355.4139860756
965619.5845307377
1043283.6276018436
976402.7450517117
1073083.3261885126
836564.2071663484
1119060.3610870491
781027.7545349962
844956.3883420828
1001638.5538025441
799957.3311039411
1359697.6793722261
834895.6932898203
1068914.3280989649
981532.5892765023
964360.5409719197
1290617.2893253525
1113346.3423791972
975294.2984100686
719291.0261074823
812802.158355998
1291858.2942835784
913129.9447802049
947524.5480848643
932300.8475431883
1260600.3931117589
870045.7259461888
1130644.1989779437
1038359.7791274983
820324.4597791575
1315890.0571358337
1037381.2343576411
953600.3049022274
1052264.473039158
912190.37966503
1241680.5683387215
1043307.1240302479
912024.6434074917
746001.8578715909
817472.263223136
854129.1521097732
1169073.9607110682
673150.2472482239
1047072.5605068725
1050943.0910965228
872475.2022555579
970194.2737769332
783977.2972580798
963306.7149800372
1054469.068315926
